/*--------------------------------*- C++ -*----------------------------------*\
| =========                 |                                                 |
| \\      /  F ield         | OpenFOAM: The Open Source CFD Toolbox           |
|  \\    /   O peration     | Version:  2512                                  |
|   \\  /    A nd           | Website:  www.openfoam.com                      |
|    \\/     M anipulation  |                                                 |
\*---------------------------------------------------------------------------*/
FoamFile
{
    version     2.0;
    format      binary;
    arch        "LSB;label=32;scalar=64";
    class       cellSet;
    location    "constant/polyMesh/sets";
    object      concaveCells;
}
// * * * * * * * * * * * * * * * * * * * * * * * * * * * * * * * * * * * * * //


3575
(
1425408
1425409
1425414
1425415
1425416
1425421
1425422
1425423
1376271
1376272
1425428
1425429
1425430
1425435
1425436
1425437
1425442
1425443
1425444
1376295
1425449
1376297
1425450
1376298
1425451
1376302
1376303
1425456
1376304
1425457
1425458
1376308
1376309
1376310
1425463
1376311
1425464
1376312
1425465
1376313
1376314
1376315
1425470
1425471
1425472
1425477
1425478
1425479
1425484
1425485
1425486
1425491
1425492
1425493
1425498
1425499
1425500
1425505
1425568
1425575
1425576
1425577
1425582
1425583
1425584
1425589
1425590
1425591
1425596
1425597
1425598
1425603
1425604
1425605
1425610
1425611
1425612
1425617
1425618
1425619
1425624
1425625
1425626
1425631
1425632
1425633
1425638
1425639
1425645
1425736
1425743
1425750
1425757
1425764
1425771
1425778
1409481
1409487
1409488
1409494
1409495
1409501
1409502
1409508
1409509
1409515
1409516
1409522
1409523
1409529
1409599
1409600
1409606
1409607
1409613
1409614
1409618
1409619
1409620
1409621
1409625
1409626
1409627
1409628
1409632
1409633
1409634
1409635
1409639
1409640
1409641
1409642
1409646
1409647
1409648
1409649
1409653
1409654
1409655
1409656
1409660
1409661
1409662
1409663
1376897
1409667
1409668
1409669
1409670
1376902
1376903
1376904
1376905
1409674
1376906
1409675
1376907
1409676
1376908
1409677
1376909
1376910
1376911
1376912
1409681
1376913
1409682
1376914
1409683
1376915
1409684
1376916
1376917
1376918
1409688
1376920
1409689
1409690
1409691
1409695
1409696
1409697
1409698
1409702
1409703
1409704
1409705
1409711
1376943
1409712
1376944
1376966
1376967
1376968
1409744
1409746
1409747
1376990
1376991
1376992
1409772
1409773
1409774
1409775
1409781
1377015
1377016
1409789
1409800
1409801
1409802
1409803
1409807
1377039
1377040
1409809
1409810
1409815
1409817
1377063
1377064
1409835
1409836
1409837
1409838
1409842
1409843
1409844
1409850
1409852
1377087
1377088
1409870
1409871
1409872
1409873
1409877
1409878
1409879
1377111
1409880
1377112
1409884
1409885
1409886
1409887
1377135
1377136
1409919
1409920
1409926
1377158
1409927
1377159
1409928
1377160
1409929
1409933
1409934
1409935
1409936
1409940
1409941
1409942
1409943
1409947
1409948
1409949
1409950
1377182
1377183
1409954
1377206
1377207
1409997
1377230
1377231
1377232
1410003
1410004
1410006
1410010
1410011
1410012
1410013
1410017
1410018
1410019
1410020
1377254
1377255
1410024
1377256
1410025
1410026
1410027
1410031
1410032
1410033
1410034
1410038
1410039
1410040
1410041
1410045
1410046
1377278
1410047
1377279
1410048
1377280
1410052
1410053
1410054
1410055
1410059
1410060
1410061
1410062
1410066
1410067
1410068
1410069
1377302
1377303
1377304
1410073
1410074
1410075
1410076
1410080
1410081
1410082
1410083
1410087
1410088
1410089
1410094
1377326
1410095
1377327
1377328
1377351
1377352
1377375
1377376
1377399
1377400
1410171
1410172
1410178
1410179
1410181
1410185
1410186
1410187
1410188
1377423
1410192
1377424
1410193
1410194
1410195
1410199
1377431
1410200
1410201
1410202
1377437
1410206
1377438
1410207
1410208
1410209
1410213
1410214
1410215
1377447
1410216
1377449
1410220
1410221
1377453
1410222
1377454
1377455
1377456
1377457
1410227
1377459
1410228
1377460
1377461
1377462
1377463
1377464
1377465
1410234
1377466
1378049
1378055
1378056
1378057
1378058
1378059
1378060
1378061
1378062
1378063
1378064
1378065
1378066
1378067
1378068
1378069
1378070
1378072
1378095
1378096
1378118
1378119
1378120
1378142
1378143
1378144
1378166
1378167
1378168
1378190
1378191
1378192
1378215
1378216
1410999
1411000
1411006
1411007
1378239
1378240
1411013
1411014
1411020
1411021
1411027
1411028
1378263
1378264
1411034
1411035
1411041
1411042
1411050
1411054
1378286
1378287
1411056
1378288
1378310
1378311
1378334
1378335
1378337
1378358
1378359
1378361
1378382
1378383
1378406
1378407
1378408
1411198
1378430
1378431
1411200
1378432
1411202
1378454
1378455
1378456
1378478
1378479
1378480
1378502
1378503
1378504
1378527
1378528
1378551
1378552
1378575
1378576
1378581
1394966
1378582
1378583
1411352
1378584
1378585
1411354
1394970
1411356
1378588
1378589
1378590
1378591
1378592
1378593
1378599
1378601
1378606
1378607
1378608
1378612
1378613
1378614
1378615
1378616
1411508
1411510
1395293
1395295
1395297
1395299
1395335
1395337
1395339
1395341
1379201
1379206
1379207
1379208
1379209
1379210
1379211
1379212
1379213
1379214
1379215
1379216
1379217
1379218
1379219
1379220
1379221
1379222
1379224
1379247
1379248
1379270
1379271
1379272
1379294
1379295
1379296
1379318
1379319
1379320
1379342
1379343
1379344
1379367
1379368
1379391
1379392
1379415
1379416
1379438
1379439
1379440
1379462
1379463
1379486
1379487
1379489
1379510
1379511
1412280
1379513
1379534
1379535
1379558
1379559
1379560
1379582
1379583
1379584
1379606
1379607
1379608
1379630
1379631
1379632
1379654
1379655
1379656
1412430
1412432
1412434
1379679
1379680
1379703
1379704
1379727
1379728
1379733
1379734
1379735
1379736
1379737
1379740
1379741
1379742
1379743
1379744
1379745
1379751
1379753
1379758
1379759
1379760
1379764
1379765
1379766
1379767
1379768
1412577
1412579
1412581
1412619
1412621
1412623
1412661
1412663
1412665
1412703
1412705
1412707
1412709
1412711
1412713
1412715
1494645
1494646
1494647
1494648
1494649
1494650
1494651
1494652
1494653
1494654
1494655
1494656
1494657
1494660
1494690
1494694
1494697
1412780
1412782
1412784
1412786
1412788
1494710
1412790
1412792
1494721
1494726
1494727
1494730
1494731
1494736
1494737
1494742
1494743
1494748
1494749
1494754
1494755
1494760
1494761
1494766
1494767
1494772
1494773
1494778
1494779
1494784
1494785
1494790
1494791
1494796
1494797
1494802
1494803
1494808
1494809
1494819
1494821
1494829
1494831
1494839
1494843
1494845
1494849
1412934
1412936
1494857
1412938
1494861
1494862
1494864
1494869
1494870
1494875
1494880
1494884
1494891
1494896
1494900
1494901
1494902
1494903
1494906
1494911
1494916
1494921
1494926
1494931
1494936
1494941
1494946
1494951
1494956
1494961
1494966
1494974
1494977
1494984
1494986
1494991
1494993
1494995
1495005
1413088
1495009
1413090
1413092
1495014
1495015
1495018
1495019
1495020
1495030
1495033
1495034
1495035
1495036
1380353
1495045
1380357
1495046
1380358
1380359
1495048
1380360
1380361
1380362
1495051
1380363
1380364
1380365
1380366
1380367
1380368
1380369
1495058
1380370
1495059
1380371
1380372
1380373
1380374
1380376
1495066
1495067
1495068
1495073
1495074
1495085
1380399
1380400
1495089
1495094
1495095
1495100
1495102
1495103
1495105
1495106
1380422
1380423
1380424
1495114
1495117
1495122
1495123
1380446
1380447
1380448
1495144
1495145
1495150
1495152
1380470
1495159
1380471
1380472
1495164
1413244
1495169
1495170
1495175
1495180
1380494
1380495
1380496
1495185
1495190
1495195
1495196
1495201
1495206
1380519
1380520
1495211
1495216
1495221
1495222
1495227
1380543
1495232
1380544
1495237
1495242
1495247
1495248
1495253
1380567
1380568
1495258
1495263
1495268
1495273
1495274
1495279
1380591
1380592
1495284
1495289
1495294
1495299
1495300
1380614
1380615
1380616
1495305
1495310
1495315
1495320
1495325
1495326
1380638
1380639
1495331
1495336
1495341
1495346
1380662
1495351
1380663
1495352
1380664
1495357
1495362
1495367
1495372
1380686
1380687
1380688
1495377
1495378
1495383
1495388
1495393
1495398
1380710
1380711
1380712
1495403
1495404
1495409
1495414
1495419
1495421
1380734
1380735
1380736
1495429
1495430
1380758
1380759
1380760
1495451
1495453
1495458
1495460
1495461
1495462
1495467
1380782
1380783
1380784
1495475
1495477
1495478
1495491
1495493
1380806
1380807
1380808
1495508
1495509
1380831
1495520
1380832
1495522
1495524
1495528
1495530
1380855
1380856
1380879
1380880
1380885
1380886
1380887
1380888
1380889
1380892
1380893
1380894
1380895
1380896
1380897
1380903
1380905
1380909
1380910
1380911
1380912
1380913
1380915
1380916
1380917
1380918
1380919
1380920
1380921
1413741
1413742
1413748
1413749
1413752
1413755
1413756
1413762
1413763
1413769
1495694
1495696
1495702
1495704
1413790
1413791
1413794
1413797
1413798
1495720
1413801
1413804
1495725
1413805
1495727
1495729
1413811
1413812
1413818
1413819
1413825
1495749
1495751
1495759
1495761
1495781
1495792
1397507
1495815
1397511
1495817
1413898
1413904
1495825
1413905
1495827
1413911
1413912
1413914
1413915
1413918
1413919
1413921
1413922
1413925
1413926
1495847
1413928
1495849
1413929
1413932
1413933
1413935
1413936
1495859
1413939
1413940
1413942
1413943
1495864
1413946
1413947
1413949
1413950
1413953
1413954
1413956
1413957
1413960
1413961
1495882
1413963
1495884
1413964
1413967
1413968
1495890
1413970
1413971
1495892
1413974
1413975
1413977
1413978
1413981
1413982
1413984
1413985
1413988
1413989
1413991
1413992
1413995
1413996
1413998
1413999
1414002
1414003
1414005
1414006
1495929
1414009
1414010
1495933
1495937
1414018
1414020
1414022
1414024
1495954
1495956
1495960
1495965
1495966
1495971
1495978
1495985
1495992
1495999
1496006
1496013
1496020
1496027
1496034
1496038
1496045
1496048
1496052
1496055
1496059
1496062
1414166
1414168
1414170
1414176
1397834
1397836
1397838
1397840
1397869
1397871
1397873
1397875
1496183
1496185
1496190
1496192
1381505
1381517
1381518
1381519
1381520
1381521
1381522
1381523
1381524
1381525
1381526
1381528
1496218
1496219
1496221
1381551
1414320
1381552
1414322
1414324
1381557
1496246
1381558
1381559
1496248
1381560
1381561
1381562
1496251
1381563
1381564
1496253
1381565
1381566
1496255
1381567
1381568
1496257
1381569
1496258
1381570
1381571
1496260
1381572
1381573
1496262
1381575
1496264
1381576
1496267
1496269
1381593
1381594
1381595
1381596
1381597
1381599
1381600
1496293
1496294
1381621
1381623
1381624
1496319
1496324
1496326
1496331
1496333
1381647
1381648
1496338
1496340
1496345
1496359
1381671
1496360
1381672
1496369
1496373
1496374
1496375
1496379
1496380
1381695
1381696
1496385
1496386
1496394
1414474
1496395
1414476
1496398
1414478
1496399
1496400
1496403
1381719
1381720
1496410
1496411
1496416
1381728
1381729
1381730
1381731
1381732
1381733
1381743
1381744
1496433
1381746
1381747
1381748
1381749
1381750
1381751
1381752
1381753
1381754
1496443
1381755
1381756
1496445
1381757
1381758
1381759
1381760
1381761
1496450
1381762
1496452
1381767
1381768
1496457
1381770
1381771
1381772
1381773
1496462
1381774
1381775
1496464
1381776
1381777
1381778
1381779
1381780
1496469
1381781
1381782
1496471
1381783
1381784
1381785
1381786
1381787
1496476
1381791
1381792
1496481
1381794
1496483
1381795
1381796
1381797
1381798
1381799
1496488
1381800
1381801
1496490
1381802
1381803
1381804
1381805
1381806
1496495
1381807
1381808
1381809
1381810
1381811
1496500
1381812
1496502
1381815
1381816
1381818
1496507
1381819
1381820
1496509
1381821
1381822
1381823
1381824
1381825
1496514
1381826
1381827
1381828
1381829
1381830
1496519
1381831
1381832
1496521
1381833
1381834
1381835
1381836
1496526
1381839
1496528
1381840
1381842
1381843
1381844
1496533
1381845
1381846
1496538
1496540
1381853
1381854
1381855
1381856
1496545
1381857
1381858
1496547
1381859
1381860
1381861
1414630
1381863
1496552
1381864
1381866
1381867
1381868
1496557
1381869
1381870
1496559
1381871
1381872
1381873
1381874
1381875
1496564
1381876
1381877
1496566
1381878
1381879
1381880
1381881
1381882
1496571
1381883
1381884
1381887
1496576
1381888
1496578
1381890
1381891
1381892
1381893
1381894
1496583
1381895
1381896
1496585
1381897
1381898
1381899
1381900
1381901
1496590
1381902
1381903
1381904
1381905
1381906
1496595
1381907
1496597
1381911
1381912
1496602
1381915
1496604
1381916
1381917
1381918
1381919
1381920
1496609
1381921
1381922
1381923
1381924
1381925
1496614
1381926
1381927
1496616
1381928
1381929
1381930
1496621
1496623
1381935
1381936
1496628
1381941
1381942
1381943
1381944
1496633
1381945
1381946
1381947
1381948
1381949
1381950
1381951
1496640
1381952
1496642
1496643
1381959
1381960
1381968
1381969
1496658
1381970
1381971
1381972
1381973
1496664
1496666
1496667
1381983
1381984
1496675
1496677
1496679
1496695
1382007
1382008
1496703
1496710
1496717
1496718
1382031
1496720
1382032
1496732
1496734
1496738
1496740
1382055
1382057
1382058
1382062
1496751
1382063
1382064
1496753
1382068
1382069
1496758
1382070
1382071
1382072
1382073
1382074
1382075
1496775
1496783
1496827
1496835
1496852
1496860
1496862
1496878
1496880
1496884
1496886
1415244
1415246
1415248
1415398
1415400
1415402
1382681
1382682
1382683
1382684
1382685
1382686
1382687
1382688
1382689
1382690
1382691
1382692
1382693
1382694
1382695
1382696
1382697
1382698
1382699
1382700
1382701
1382702
1382705
1382709
1382710
1382711
1382712
1382713
1382714
1382715
1382716
1382717
1382718
1382719
1382720
1382721
1382722
1382723
1382724
1382725
1382726
1382738
1382739
1382740
1382741
1382742
1382743
1382744
1382745
1382746
1382747
1382748
1382749
1382750
1382773
1382774
1382777
1415552
1415554
1415556
1382801
1382808
1382809
1382810
1382811
1382812
1382813
1382814
1382815
1382816
1415587
1415589
1415591
1382825
1382826
1382827
1382828
1382829
1382830
1382831
1382832
1382833
1382834
1382835
1382836
1382837
1382838
1382839
1382840
1382841
1382842
1415615
1415617
1382849
1382850
1415619
1382851
1382852
1382853
1382854
1382855
1382856
1382857
1382858
1382859
1382860
1382861
1382862
1382863
1382864
1382865
1382866
1382867
1382868
1382873
1382874
1382875
1382876
1382877
1382878
1382879
1382880
1382881
1415650
1382882
1382883
1415652
1382884
1382885
1415654
1382886
1382887
1382888
1382889
1382890
1382891
1382892
1382893
1382894
1382897
1382898
1382899
1382900
1382901
1382902
1382903
1382904
1382905
1382906
1382907
1382908
1382909
1382910
1382911
1382912
1382913
1382914
1382915
1382916
1382917
1382918
1382921
1382922
1382923
1415692
1382924
1382925
1415694
1382926
1382927
1415696
1382928
1382929
1415698
1382930
1382931
1415700
1382932
1382933
1415702
1382934
1382935
1415704
1382936
1382937
1382938
1382939
1382940
1382941
1382942
1382945
1382946
1382947
1382948
1382949
1382950
1382951
1382952
1382953
1382954
1382955
1382956
1382957
1382958
1382959
1382960
1382961
1382962
1382963
1382964
1382965
1382966
1382969
1382970
1382971
1382972
1382973
1382974
1382975
1382976
1382977
1382978
1382979
1382980
1382981
1382982
1382983
1382984
1382985
1382986
1382987
1382988
1382989
1382990
1382993
1382994
1382995
1382996
1382997
1382998
1382999
1383000
1383001
1383002
1383003
1383004
1383005
1383006
1383007
1383008
1383009
1383010
1383011
1383012
1383013
1383014
1415783
1415785
1383017
1383018
1415787
1383019
1383020
1415789
1383021
1383022
1383023
1383024
1415793
1383025
1383026
1383027
1383028
1383029
1383030
1383031
1383032
1383033
1383034
1383035
1383036
1383037
1383038
1383041
1383042
1383043
1383044
1383045
1383046
1383047
1383048
1383049
1383050
1383051
1383052
1383053
1383054
1383055
1383056
1383057
1383058
1383059
1383060
1383061
1383062
1383065
1383066
1383067
1383068
1383069
1383070
1383071
1383072
1383073
1383074
1383075
1383076
1383077
1383078
1383079
1383080
1383081
1383082
1383083
1383084
1383085
1383086
1383089
1383090
1383091
1383092
1383093
1383094
1383095
1383096
1383097
1383098
1383099
1383100
1383101
1383102
1383103
1383104
1383105
1383106
1383107
1383108
1383109
1383110
1383113
1383114
1383115
1383116
1383117
1383118
1383119
1383120
1383121
1383122
1383123
1383124
1383125
1383126
1383127
1383128
1383129
1383130
1383131
1383137
1383140
1383141
1383142
1383143
1383144
1383145
1383146
1383147
1383148
1383149
1383150
1383151
1383152
1383153
1383166
1383167
1383168
1415937
1383169
1383170
1415939
1383171
1383172
1415941
1383173
1383174
1383175
1383185
1383186
1383187
1383188
1383189
1383190
1383191
1383192
1383193
1383194
1383195
1383196
1383197
1383198
1383199
1383200
1383201
1383202
1383203
1383204
1383205
1383206
1416093
1416095
1400034
1400038
1400179
1400181
1400183
1400185
1416587
1416590
1416591
1416594
1416597
1416598
1416601
1416604
1416605
1416608
1416611
1416612
1416618
1416629
1416633
1416636
1416639
1416640
1416643
1416646
1416647
1416650
1416653
1416654
1416657
1416660
1416661
1416664
1416667
1416668
1416674
1416675
1400326
1400328
1400330
1400332
1416742
1416743
1416747
1416749
1416750
1416753
1416754
1416756
1416757
1416760
1416761
1416763
1416764
1416767
1416768
1416770
1416771
1416774
1416775
1416777
1416778
1416781
1416782
1416784
1416785
1416788
1416789
1416791
1416792
1416795
1416796
1416798
1416799
1416802
1416803
1416805
1416806
1416809
1416810
1416812
1416813
1416816
1416817
1416819
1416820
1416823
1416824
1416826
1416827
1416830
1416831
1416833
1416834
1416837
1416838
1416840
1416841
1416844
1416845
1416847
1416848
1416851
1416852
1416854
1416855
1400473
1416858
1416859
1400475
1400477
1400479
1416867
1416869
1416871
1416873
1417015
1417017
1417019
1417021
1417025
1417169
1417171
1417173
1417323
1417325
1417327
1417479
1418093
1418095
1418097
1418247
1418249
1418251
1418401
1418403
1418405
1418436
1418438
1418440
1418464
1418466
1418468
1418499
1418501
1418503
1418541
1418543
1418545
1418547
1418549
1418551
1418553
1385825
1385827
1385829
1418632
1418634
1418636
1418638
1385913
1385915
1385917
1418786
1418788
1418790
1386033
1386036
1386037
1386152
1386155
1386157
1418940
1418942
1419436
1419439
1419440
1419443
1419446
1419447
1419450
1419453
1419454
1419457
1419460
1419461
1419467
1419478
1419482
1419485
1419488
1419489
1419492
1419495
1419496
1419499
1419502
1419503
1419506
1419509
1419510
1419513
1419516
1419517
1419520
1419523
1419524
1419598
1419599
1419605
1419606
1419612
1419613
1419619
1419620
1419626
1419627
1419633
1419634
1419640
1419641
1419647
1419648
1419654
1419655
1419661
1419662
1419668
1419669
1419675
1419676
1419679
1419680
1419682
1419683
1419686
1419687
1419689
1419690
1419693
1419694
1419696
1419697
1419700
1419701
1419703
1419704
1419707
1419708
1419716
1419718
1419720
1419722
1419864
1419866
1419868
1419870
1420018
1420020
1420022
1420172
1420174
1420942
1421096
1421098
1421100
1421243
1421245
1421247
1421397
1421399
1421401
1421544
1421546
1421548
1421691
1421693
1421695
1421697
1421699
1421701
1421703
1421845
1421847
1421849
1421851
1421855
1421857
1421999
1422001
1422003
1422153
1422155
1422803
1422810
1422813
1422814
1422817
1422820
1422821
1422824
1422827
1422845
1422852
1422856
1422859
1422862
1422863
1422866
1422869
1422870
1422873
1422876
1422877
1422880
1422887
1390200
1390201
1390202
1390203
1390207
1390208
1390209
1390210
1390214
1390215
1390216
1390217
1390221
1390222
1390223
1390224
1390228
1390229
1390230
1390231
1390235
1390236
1390237
1390238
1390242
1390243
1390244
1390245
1390249
1390250
1390251
1390252
1390256
1390257
1390258
1390259
1390263
1390264
1390265
1390266
1390270
1390271
1390272
1390273
1390277
1390278
1390279
1390280
1390284
1390285
1390286
1390287
1390291
1390292
1390293
1390294
1390298
1390299
1390300
1390301
1390305
1390306
1390307
1390308
1390312
1390313
1390314
1390315
1390326
1390327
1390328
1390329
1390333
1390334
1390335
1423104
1390336
1390340
1390341
1423111
1390343
1390347
1390348
1390349
1423118
1390350
1423120
1390354
1390355
1390356
1423125
1390357
1423126
1423127
1390361
1390362
1390363
1423132
1390364
1423133
1423134
1390368
1390369
1390370
1423139
1390371
1423140
1423141
1390375
1390376
1390377
1423146
1390378
1423147
1423148
1390382
1390383
1390384
1423153
1390385
1423154
1423155
1390389
1390390
1390391
1423160
1390392
1423161
1423162
1390396
1390397
1390398
1423167
1390399
1423168
1423169
1390403
1390404
1390405
1423174
1390406
1423175
1423176
1390410
1390411
1390412
1423181
1390413
1423182
1423183
1390417
1390418
1390419
1423188
1390420
1423189
1423190
1390424
1390425
1390426
1423195
1390427
1423196
1423197
1390431
1390432
1390433
1423202
1390434
1423203
1423204
1390438
1390439
1390440
1423209
1390441
1423210
1423211
1423216
1423217
1423218
1390452
1390453
1390454
1390455
1390459
1390460
1390461
1390462
1390466
1390467
1390468
1390469
1390473
1390474
1390475
1390476
1390480
1390481
1390482
1390483
1390487
1390488
1390489
1390490
1390494
1390495
1390496
1390497
1390501
1390502
1390503
1390504
1390508
1390509
1390510
1390511
1390515
1390516
1390517
1390518
1390522
1390523
1390524
1390525
1390529
1390530
1390531
1390532
1390536
1390537
1390538
1390539
1390543
1390544
1390545
1390546
1390550
1390551
1390552
1390553
1390557
1390558
1390559
1390560
1390564
1390565
1390566
1423335
1390567
1390571
1390572
1390573
1423342
1390574
1390578
1390579
1390580
1423349
1390581
1390585
1390586
1423356
1390588
1423357
1423358
1390592
1390593
1390594
1423363
1390595
1423364
1423365
1390599
1390601
1423370
1390602
1423371
1423372
1390608
1390609
1390615
1390616
1390622
1390623
1390636
1390637
1390643
1390644
1390650
1390651
1390656
1390657
1390658
1390662
1390663
1390664
1390665
1390669
1390670
1390671
1390676
1390677
1390678
1390679
1390683
1390684
1390685
1390686
1390690
1390691
1390692
1390693
1390697
1390698
1390699
1390700
1390704
1390705
1390706
1390707
1390711
1390712
1390713
1390714
1390718
1390719
1390720
1390721
1390725
1390726
1390727
1390728
1390732
1390733
1390735
1390739
1390740
1390741
1390742
1390746
1390747
1390748
1423517
1390753
1390754
1390755
1423524
1390756
1390760
1390761
1390762
1390763
1390767
1390768
1390769
1390770
1390774
1390775
1390776
1390777
1390781
1390782
1390783
1390784
1390788
1390789
1390790
1390791
1390795
1390796
1390797
1390798
1390802
1390803
1390804
1390805
1390809
1390810
1390811
1390812
1390816
1390817
1390818
1390819
1390823
1390824
1390825
1390826
1390830
1390831
1390832
1390833
1390837
1390838
1390839
1390840
1390844
1390845
1390846
1390847
1390851
1390852
1390853
1390854
1390858
1390859
1390860
1390861
1390865
1390866
1390867
1390868
1390872
1390873
1390874
1390875
1374617
1374618
1374619
1374620
1374621
1374622
1374623
1374624
1374625
1374626
1374627
1374628
1374629
1374630
1374631
1374632
1374633
1374634
1374635
1374636
1374637
1374638
1374641
1374646
1374647
1374648
1374649
1374650
1374651
1374652
1374653
1374654
1374655
1374656
1374657
1374658
1374659
1374660
1374661
1374662
1374681
1374682
1374683
1374684
1374685
1374686
1374710
1374713
1374737
1374745
1374746
1374747
1374748
1374749
1374750
1374751
1374752
1374761
1374762
1374763
1374764
1374765
1374766
1374767
1374768
1374769
1374770
1374771
1374772
1374773
1374774
1374775
1374776
1374777
1374778
1374785
1374786
1374787
1374788
1374789
1374790
1374791
1374792
1374793
1374794
1374795
1374796
1374797
1374798
1374799
1374800
1374801
1374802
1374803
1374804
1374809
1374810
1374811
1374812
1374813
1374814
1374815
1374816
1374817
1374818
1374819
1374820
1374821
1374822
1374823
1374824
1374825
1374826
1374827
1374828
1374829
1374830
1374833
1374834
1374835
1374836
1374837
1374838
1374839
1374840
1374841
1374842
1374843
1374844
1374845
1374846
1374847
1374848
1374849
1374850
1374851
1374852
1374853
1374854
1374857
1374858
1374859
1374860
1374861
1374862
1374863
1374864
1374865
1374866
1374867
1374868
1374869
1374870
1374871
1374872
1374873
1374874
1374875
1374876
1374877
1374878
1374881
1374882
1374883
1374884
1374886
1374887
1374888
1374889
1374890
1374891
1374892
1374893
1374894
1374895
1374896
1374897
1374898
1374899
1374900
1374901
1374902
1374905
1374906
1374907
1374908
1374909
1374910
1374911
1374912
1374913
1374914
1374915
1374916
1374917
1374918
1374919
1374920
1374921
1374922
1374923
1374924
1374925
1374926
1374929
1374930
1374931
1374932
1374933
1374934
1374935
1374936
1374937
1374938
1374939
1374940
1374941
1374942
1374943
1374944
1374945
1374946
1374947
1374948
1374949
1374950
1374953
1374954
1374955
1374956
1374957
1374958
1374959
1374960
1374961
1374962
1374963
1374964
1374965
1374966
1374967
1374968
1374969
1374970
1374971
1374972
1374973
1374974
1374977
1374978
1374979
1374980
1374981
1374982
1374983
1374984
1374985
1374986
1374987
1374988
1374989
1374990
1374991
1374992
1374993
1374994
1374995
1374996
1374997
1374998
1375001
1375002
1375003
1375004
1375005
1375006
1375007
1375008
1375009
1375010
1375011
1375012
1375013
1375014
1375015
1375016
1375017
1375018
1375019
1375020
1375021
1375022
1375025
1375026
1375027
1375028
1375029
1375030
1375031
1424184
1375032
1375033
1375034
1375035
1375036
1375037
1424190
1375038
1424191
1375039
1375040
1375041
1375042
1375043
1375044
1424197
1424198
1375046
1375049
1375050
1424203
1375051
1424204
1375052
1424205
1375053
1375054
1375055
1375056
1375057
1424210
1375058
1424211
1375059
1424212
1375060
1375061
1375062
1375063
1375064
1424217
1375065
1424218
1375066
1424219
1424224
1424225
1375073
1424226
1375077
1375078
1424231
1375079
1424232
1375080
1424233
1375081
1375082
1375083
1375084
1375085
1424238
1375086
1424239
1375087
1424240
1375088
1375089
1424246
1424247
1424253
1424254
1375102
1375103
1375104
1375105
1375106
1375107
1424260
1375108
1424261
1375109
1375110
1424267
1424268
1375121
1375122
1375123
1375124
1375125
1375126
1375127
1375128
1375129
1375130
1375131
1375132
1375133
1375134
1375135
1375136
1375137
1375138
1375139
1375140
1375141
1375142
1424315
1424316
1424317
1424322
1424323
1424324
1424329
1424330
1424331
1424336
1424337
1424338
1424343
1424344
1424345
1424350
1424351
1424352
1424357
1424358
1424359
1424364
1424365
1424366
1424371
1424372
1424373
1424378
1424379
1424380
1424385
1424386
1424387
1424392
1424393
1424394
1424399
1424400
1424401
1424406
1424407
1424408
1424413
1424414
1424415
1424420
1424421
1424422
1424428
1424429
1424435
1424469
1424470
1424471
1424476
1424477
1424478
1424483
1424484
1424485
1424490
1424491
1424492
1424497
1424498
1424499
1424504
1424505
1424506
1424511
1424512
1424513
1424518
1424519
1424520
1424525
1424526
1424527
1424532
1424533
1424534
1424539
1424540
1424541
1424546
1424547
1424548
1424553
1424554
1424555
1424560
1424561
1424562
1424567
1424568
1424569
1424574
1424575
1424576
1424581
1424582
1424583
1424588
1424589
1424590
1424596
1424623
1424624
1424625
1424630
1424631
1424632
1424637
1424644
1424646
1424651
1424652
1424653
1424658
1424659
1424660
1424665
1424666
1424667
1424672
1424673
1424674
1424679
1424680
1424681
1424686
1424687
1424688
1424693
1424694
1424695
1424700
1424701
1424702
1424707
1424708
1424709
1424714
1424715
1424716
1424721
1424722
1424723
1424728
1424729
1424730
1424735
1424736
1424737
1424742
1424743
1424744
1424750
1424751
1424756
1424758
1424777
1424778
1424779
1424784
1408400
1424785
1408401
1424786
1424791
1408407
1424792
1408408
1424793
1424798
1408414
1424799
1408415
1424800
1424805
1408421
1424806
1408422
1424807
1424812
1408428
1424813
1408429
1424814
1424819
1408435
1424820
1408436
1424821
1424826
1408442
1424827
1408443
1424828
1424833
1408449
1424834
1408450
1424835
1424840
1408456
1424841
1408457
1424842
1408459
1424847
1408463
1424848
1408464
1424849
1408465
1408466
1424854
1408470
1424855
1408471
1424856
1408472
1408473
1424861
1408477
1424862
1408478
1424863
1408479
1408480
1424868
1408484
1424869
1408485
1424870
1408486
1408487
1424875
1408491
1424876
1408492
1424877
1408493
1408494
1424882
1408498
1424883
1408499
1424884
1408500
1408501
1424889
1424890
1424891
1424896
1424897
1424898
1424903
1424904
1424905
1392138
1424910
1392142
1424911
1424912
1375766
1375768
1424931
1424932
1424933
1424938
1424939
1424940
1375791
1375792
1424945
1424947
1424952
1424953
1424954
1424959
1424960
1424961
1424967
1375815
1424968
1375816
1424974
1424975
1424981
1424982
1424988
1424989
1375839
1375840
1424995
1424996
1425001
1425002
1425003
1425009
1425010
1425015
1375863
1425016
1375864
1425017
1425022
1408638
1425023
1408639
1425024
1425029
1408645
1425030
1408646
1408648
1425036
1408652
1425037
1408653
1425038
1408654
1408655
1375887
1375888
1425043
1425044
1425045
1425050
1425051
1392283
1425052
1392285
1392287
1392288
1425057
1425058
1425059
1375911
1425064
1375912
1425066
1425085
1425086
1425087
1375935
1375936
1425092
1425093
1425094
1425099
1425100
1425101
1425106
1425107
1425108
1375959
1375960
1425113
1425114
1425115
1425120
1425121
1425122
1425127
1425128
1425129
1425134
1375983
1425136
1375984
1425141
1425142
1425143
1425148
1425149
1425155
1425156
1425157
1376007
1376008
1425162
1425163
1425164
1425169
1425170
1425171
1425176
1425177
1425178
1425183
1376031
1425184
1376032
1425185
1425190
1425191
1425192
1425197
1425198
1392430
1425199
1392432
1392433
1425204
1392436
1425205
1425206
1376055
1376056
1425212
1425218
1425220
1376079
1376080
1425239
1425240
1425241
1425246
1425247
1425248
1425253
1425254
1425255
1376103
1376104
1425260
1425261
1425262
1425267
1425268
1425269
1425274
1425275
1425276
1376127
1376128
1425281
1425282
1425283
1425288
1425289
1425290
1425295
1425296
1425297
1425302
1425303
1376151
1425304
1376152
1425309
1425310
1425311
1425316
1425317
1425318
1425323
1425324
1425325
1376175
1376176
1425330
1425331
1425332
1425337
1425338
1425339
1425344
1425345
1392577
1425346
1392579
1392581
1425351
1392583
1376199
1425352
1376200
1425353
1425358
1425359
1376223
1376224
1376247
1425400
1376248
1425407
)


// ************************************************************************* //
