# Force and moment coefficients
# dragDir     : (0.000000e+00 0.000000e+00 1.000000e+00)
# sideDir     : (1.000000e+00 0.000000e+00 0.000000e+00)
# liftDir     : (0.000000e+00 1.000000e+00 0.000000e+00)
# rollAxis    : (0.000000e+00 0.000000e+00 1.000000e+00)
# pitchAxis   : (1.000000e+00 0.000000e+00 0.000000e+00)
# yawAxis     : (0.000000e+00 1.000000e+00 0.000000e+00)
# magUInf     : 1.000000e+00
# lRef        : 1.500000e-01
# Aref        : 4.000000e-03
# CofR        : (0.000000e+00 0.000000e+00 0.000000e+00)
#
# Time        	Cd            	Cd(f)         	Cd(r)         	Cl            	Cl(f)         	Cl(r)         	CmPitch       	CmRoll        	CmYaw         	Cs            	Cs(f)         	Cs(r)         
0.000963822   	-3.715694e-01	-2.213362e-01	-1.502332e-01	-6.317114e-02	-3.176235e-02	-3.140880e-02	-1.767755e-04	-3.555155e-02	1.980413e-01	-8.392087e-03	1.938453e-01	-2.022374e-01
0.00202082    	-3.578700e-01	-2.244948e-01	-1.333753e-01	-8.301946e-02	-5.041992e-02	-3.259954e-02	-8.910191e-03	-4.555976e-02	1.900395e-01	-7.949730e-03	1.860647e-01	-1.940144e-01
0.0029194     	-3.574538e-01	-2.260374e-01	-1.314164e-01	-8.704862e-02	-5.572219e-02	-3.132644e-02	-1.219788e-02	-4.731052e-02	1.900828e-01	-7.911313e-03	1.861272e-01	-1.940385e-01
0.00398113    	-3.445661e-01	-2.263702e-01	-1.181958e-01	-9.905123e-02	-6.556079e-02	-3.349044e-02	-1.603517e-02	-5.408720e-02	1.838242e-01	-7.427232e-03	1.801106e-01	-1.875378e-01
0.00504557    	-3.344594e-01	-2.270157e-01	-1.074437e-01	-1.088919e-01	-7.336992e-02	-3.552201e-02	-1.892396e-02	-5.978601e-02	1.793842e-01	-6.827984e-03	1.759702e-01	-1.827982e-01
0.00603143    	-3.260631e-01	-2.269864e-01	-9.907673e-02	-1.159477e-01	-7.846501e-02	-3.748265e-02	-2.049118e-02	-6.395481e-02	1.757073e-01	-6.091810e-03	1.726614e-01	-1.787532e-01
0.00699808    	-3.212704e-01	-2.263270e-01	-9.494337e-02	-1.191788e-01	-8.081346e-02	-3.836530e-02	-2.122408e-02	-6.569184e-02	1.739627e-01	-5.677778e-03	1.711239e-01	-1.768016e-01
0.007959      	-3.155601e-01	-2.294833e-01	-8.607689e-02	-1.300143e-01	-8.774703e-02	-4.226724e-02	-2.273989e-02	-7.170318e-02	1.715011e-01	-5.405237e-03	1.687984e-01	-1.742037e-01
0.00905837    	-3.103555e-01	-2.218793e-01	-8.847622e-02	-1.211669e-01	-8.181376e-02	-3.935315e-02	-2.123031e-02	-6.670153e-02	1.691797e-01	-4.926531e-03	1.667165e-01	-1.716430e-01
0.0100505     	-3.057778e-01	-2.202485e-01	-8.552938e-02	-1.221253e-01	-8.230041e-02	-3.982484e-02	-2.123778e-02	-6.735955e-02	1.670178e-01	-4.703811e-03	1.646659e-01	-1.693697e-01
0.0110518     	-3.008649e-01	-2.184171e-01	-8.244787e-02	-1.226929e-01	-8.241813e-02	-4.027476e-02	-2.107168e-02	-6.798460e-02	1.646088e-01	-4.300908e-03	1.624583e-01	-1.667592e-01
0.0120506     	-2.964672e-01	-2.152342e-01	-8.123296e-02	-1.207067e-01	-8.126662e-02	-3.944008e-02	-2.091327e-02	-6.700063e-02	1.624199e-01	-3.970429e-03	1.604347e-01	-1.644051e-01
0.013025      	-2.921287e-01	-2.113198e-01	-8.080891e-02	-1.168984e-01	-7.891465e-02	-3.798375e-02	-2.046545e-02	-6.525543e-02	1.602520e-01	-3.416664e-03	1.585437e-01	-1.619603e-01
0.0139684     	-2.876793e-01	-2.067625e-01	-8.091686e-02	-1.116615e-01	-7.600308e-02	-3.565840e-02	-2.017234e-02	-6.292281e-02	1.581171e-01	-2.894119e-03	1.566701e-01	-1.595642e-01
0.0149723     	-2.826819e-01	-2.011696e-01	-8.151229e-02	-1.047177e-01	-7.218484e-02	-3.253288e-02	-1.982598e-02	-5.982865e-02	1.559172e-01	-4.350542e-04	1.556997e-01	-1.561347e-01
0.0160273     	-2.784053e-01	-1.961504e-01	-8.225491e-02	-9.887212e-02	-6.917232e-02	-2.969980e-02	-1.973626e-02	-5.694773e-02	1.537506e-01	-1.794715e-03	1.528533e-01	-1.546480e-01
0.0170222     	-2.745403e-01	-1.910994e-01	-8.344085e-02	-9.314521e-02	-6.644359e-02	-2.670162e-02	-1.987099e-02	-5.382928e-02	1.521127e-01	-3.103911e-04	1.519575e-01	-1.522679e-01
0.0179796     	-2.684448e-01	-1.855107e-01	-8.293413e-02	-8.691071e-02	-6.305393e-02	-2.385678e-02	-1.959858e-02	-5.128826e-02	1.488223e-01	-6.737441e-04	1.484854e-01	-1.491592e-01
0.0190201     	-2.631097e-01	-1.784750e-01	-8.463466e-02	-7.877422e-02	-5.862901e-02	-2.014522e-02	-1.924189e-02	-4.692019e-02	1.459600e-01	-2.526301e-04	1.458336e-01	-1.460863e-01
0.019976      	-2.541249e-01	-1.740715e-01	-8.005338e-02	-7.779892e-02	-5.803632e-02	-1.976260e-02	-1.913686e-02	-4.700909e-02	1.404373e-01	1.246339e-04	1.404996e-01	-1.403750e-01
0.0209968     	-2.456423e-01	-1.678473e-01	-7.779500e-02	-7.349124e-02	-5.526165e-02	-1.822959e-02	-1.851603e-02	-4.502617e-02	1.349602e-01	-6.556510e-06	1.349569e-01	-1.349634e-01
0.0220026     	-2.341446e-01	-1.630149e-01	-7.112967e-02	-7.345111e-02	-5.443207e-02	-1.901904e-02	-1.770651e-02	-4.594260e-02	1.271538e-01	-3.665842e-04	1.269705e-01	-1.273370e-01
0.0230283     	-2.235298e-01	-1.589614e-01	-6.456843e-02	-7.401535e-02	-5.391405e-02	-2.010130e-02	-1.690638e-02	-4.719649e-02	1.198439e-01	-7.758717e-04	1.194560e-01	-1.202318e-01
0.023966      	-2.092193e-01	-1.522492e-01	-5.697005e-02	-7.296469e-02	-5.112437e-02	-2.184032e-02	-1.464202e-02	-4.763958e-02	1.097616e-01	-2.016571e-03	1.087533e-01	-1.107699e-01
0.0250684     	-1.919155e-01	-1.412075e-01	-5.070802e-02	-6.661407e-02	-4.361059e-02	-2.300348e-02	-1.030355e-02	-4.524975e-02	9.710541e-02	-1.989348e-03	9.611073e-02	-9.810008e-02
0.0258947     	-1.941835e-01	-1.360532e-01	-5.813028e-02	-5.544566e-02	-3.474364e-02	-2.070202e-02	-7.020808e-03	-3.896146e-02	9.720532e-02	-4.240318e-03	9.508517e-02	-9.932548e-02
0.0269858     	-2.005603e-01	-1.347633e-01	-6.579702e-02	-4.589170e-02	-2.594459e-02	-1.994711e-02	-2.998738e-03	-3.448313e-02	1.007078e-01	-4.102424e-03	9.865656e-02	-1.027590e-01
0.0279774     	-2.084022e-01	-1.304836e-01	-7.791865e-02	-3.157254e-02	-1.377735e-02	-1.779519e-02	2.008922e-03	-2.628247e-02	1.050342e-01	-4.851939e-03	1.026083e-01	-1.074602e-01
0.0290499     	-2.134318e-01	-1.268788e-01	-8.655301e-02	-2.093211e-02	-3.828219e-03	-1.710389e-02	6.637835e-03	-2.016289e-02	1.087799e-01	-6.665356e-03	1.054473e-01	-1.121126e-01
0.0299998     	-2.154747e-01	-1.193177e-01	-9.615709e-02	-4.411702e-03	8.736807e-03	-1.314851e-02	1.094266e-02	-1.158028e-02	1.114144e-01	-5.243100e-03	1.087928e-01	-1.140359e-01
0.0310314     	-2.259736e-01	-1.193436e-01	-1.066300e-01	5.541851e-03	1.754460e-02	-1.200275e-02	1.477368e-02	-6.356782e-03	1.190547e-01	-5.036423e-03	1.165365e-01	-1.215729e-01
0.0320026     	-2.315528e-01	-1.153698e-01	-1.161830e-01	1.798099e-02	2.679911e-02	-8.818114e-03	1.780861e-02	4.066017e-04	1.236482e-01	-4.612079e-03	1.213421e-01	-1.259542e-01
0.0329814     	-2.386444e-01	-1.179774e-01	-1.206670e-01	2.091961e-02	2.989528e-02	-8.975673e-03	1.943548e-02	1.344791e-03	1.289512e-01	-4.510082e-03	1.266962e-01	-1.312062e-01
0.0339831     	-2.406457e-01	-1.164585e-01	-1.241872e-01	2.631795e-02	3.371031e-02	-7.392367e-03	2.055134e-02	3.864374e-03	1.309774e-01	-3.987526e-03	1.289837e-01	-1.329712e-01
0.0350326     	-2.427925e-01	-1.177168e-01	-1.250757e-01	2.677876e-02	3.399751e-02	-7.218755e-03	2.060813e-02	3.679471e-03	1.328391e-01	-3.464155e-03	1.311071e-01	-1.345712e-01
0.0359905     	-2.396422e-01	-1.155743e-01	-1.240679e-01	2.791034e-02	3.414767e-02	-6.237323e-03	2.019249e-02	4.246801e-03	1.313686e-01	-3.724314e-03	1.295064e-01	-1.332308e-01
0.0369969     	-2.359014e-01	-1.138793e-01	-1.220221e-01	2.771352e-02	3.313968e-02	-5.426164e-03	1.928292e-02	4.071422e-03	1.294296e-01	-3.507129e-03	1.276760e-01	-1.311831e-01
0.0379738     	-2.316548e-01	-1.122911e-01	-1.193637e-01	2.632707e-02	3.143749e-02	-5.110418e-03	1.827395e-02	3.536331e-03	1.271242e-01	-3.291231e-03	1.254786e-01	-1.287698e-01
0.0390428     	-2.275120e-01	-1.097741e-01	-1.177379e-01	2.566589e-02	3.005568e-02	-4.389790e-03	1.722274e-02	3.981901e-03	1.249179e-01	-3.316188e-03	1.232598e-01	-1.265760e-01
0.0399529     	-2.241226e-01	-1.060063e-01	-1.181163e-01	2.886031e-02	3.158664e-02	-2.726324e-03	1.715648e-02	6.055015e-03	1.230023e-01	-3.111295e-03	1.214467e-01	-1.245580e-01
0.0410269     	-2.201515e-01	-1.012477e-01	-1.189039e-01	3.236617e-02	3.327716e-02	-9.109835e-04	1.709407e-02	8.828090e-03	1.207970e-01	-2.833603e-03	1.193802e-01	-1.222138e-01
0.0419872     	-2.161989e-01	-9.750250e-02	-1.186964e-01	3.405683e-02	3.403733e-02	1.949699e-05	1.700892e-02	1.059693e-02	1.185024e-01	-2.547324e-03	1.172287e-01	-1.197760e-01
0.0429528     	-2.132065e-01	-9.691452e-02	-1.162920e-01	3.169140e-02	3.234517e-02	-6.537716e-04	1.649947e-02	9.688753e-03	1.168205e-01	-2.342999e-03	1.156490e-01	-1.179920e-01
0.044068      	-2.079052e-01	-9.107855e-02	-1.168266e-01	3.543518e-02	3.445056e-02	9.846186e-04	1.673297e-02	1.287402e-02	1.135219e-01	-2.032657e-03	1.125056e-01	-1.145383e-01
0.0450635     	-2.034512e-01	-8.827002e-02	-1.151812e-01	3.510446e-02	3.411253e-02	9.919264e-04	1.656030e-02	1.345558e-02	1.108729e-01	-2.192748e-03	1.097765e-01	-1.119693e-01
0.045946      	-1.987376e-01	-8.383593e-02	-1.149017e-01	3.719864e-02	3.500665e-02	2.191993e-03	1.640733e-02	1.553287e-02	1.078603e-01	-2.075684e-03	1.068224e-01	-1.088981e-01
0.0470583     	-1.941104e-01	-7.833234e-02	-1.157781e-01	4.076422e-02	3.687724e-02	3.886974e-03	1.649514e-02	1.872288e-02	1.045555e-01	-1.610388e-03	1.037503e-01	-1.053607e-01
0.0479476     	-1.873846e-01	-7.270019e-02	-1.146844e-01	4.318849e-02	3.729249e-02	5.896003e-03	1.569824e-02	2.099212e-02	1.002016e-01	-2.338693e-03	9.903225e-02	-1.013709e-01
0.0490863     	-1.795292e-01	-6.629775e-02	-1.132314e-01	4.510642e-02	3.671065e-02	8.395770e-03	1.415744e-02	2.346685e-02	9.459025e-02	-2.830071e-03	9.317522e-02	-9.600529e-02
0.0499695     	-1.808532e-01	-6.544290e-02	-1.154103e-01	4.577514e-02	3.592414e-02	9.850998e-03	1.303657e-02	2.498370e-02	9.450074e-02	-3.492014e-03	9.275473e-02	-9.624674e-02
0.0508694     	-1.800380e-01	-6.085664e-02	-1.191814e-01	5.062238e-02	3.713298e-02	1.348939e-02	1.182179e-02	2.916236e-02	9.345685e-02	-2.125498e-03	9.239410e-02	-9.451960e-02
0.0519601     	-1.855703e-01	-5.966723e-02	-1.259031e-01	5.534389e-02	3.866486e-02	1.667903e-02	1.099292e-02	3.311793e-02	9.599574e-02	-1.688266e-03	9.515161e-02	-9.683987e-02
0.0529665     	-1.900120e-01	-5.791055e-02	-1.321014e-01	5.994090e-02	4.058959e-02	1.935131e-02	1.061914e-02	3.709543e-02	9.865815e-02	-3.922373e-03	9.669696e-02	-1.006193e-01
0.0539456     	-1.903169e-01	-5.830923e-02	-1.320077e-01	5.808460e-02	3.861280e-02	1.947180e-02	9.570504e-03	3.684923e-02	9.935445e-02	-4.336731e-03	9.718608e-02	-1.015228e-01
0.054967      	-1.932927e-01	-5.889113e-02	-1.344016e-01	5.904419e-02	3.851743e-02	2.052676e-02	8.995331e-03	3.775524e-02	1.016410e-01	-4.804436e-03	9.923877e-02	-1.040432e-01
0.0560414     	-1.960669e-01	-6.035372e-02	-1.357132e-01	5.834710e-02	3.776446e-02	2.058264e-02	8.590910e-03	3.767973e-02	1.037724e-01	-4.125952e-03	1.017094e-01	-1.058353e-01
0.0569496     	-1.987554e-01	-5.861611e-02	-1.401392e-01	6.297371e-02	4.051240e-02	2.246131e-02	9.025545e-03	4.076157e-02	1.057928e-01	-3.947999e-03	1.038188e-01	-1.077668e-01
0.0579701     	-1.998987e-01	-6.647077e-02	-1.334279e-01	5.005384e-02	3.209095e-02	1.796289e-02	7.064027e-03	3.347857e-02	1.069907e-01	-4.033790e-03	1.049738e-01	-1.090075e-01
0.0589989     	-2.012208e-01	-5.901111e-02	-1.422097e-01	6.402752e-02	4.103768e-02	2.298984e-02	9.023921e-03	4.159929e-02	1.082084e-01	-3.749399e-03	1.063337e-01	-1.100831e-01
0.0600367     	-2.027255e-01	-6.142027e-02	-1.413052e-01	6.162162e-02	3.931151e-02	2.231011e-02	8.500702e-03	3.994247e-02	1.094551e-01	-3.748763e-03	1.075807e-01	-1.113295e-01
0.0609485     	-2.033526e-01	-6.435430e-02	-1.389983e-01	5.748269e-02	3.654400e-02	2.093869e-02	7.802651e-03	3.732199e-02	1.101785e-01	-3.477621e-03	1.084397e-01	-1.119173e-01
0.0619858     	-2.041057e-01	-6.569711e-02	-1.384085e-01	5.639485e-02	3.542284e-02	2.097202e-02	7.225411e-03	3.635571e-02	1.109766e-01	-3.212238e-03	1.093704e-01	-1.125827e-01
0.0629931     	-2.046658e-01	-6.683999e-02	-1.378258e-01	5.544649e-02	3.433202e-02	2.111447e-02	6.608774e-03	3.549292e-02	1.116368e-01	-2.947326e-03	1.101632e-01	-1.131105e-01
0.063964      	-2.046612e-01	-6.743395e-02	-1.372273e-01	5.491347e-02	3.321737e-02	2.169610e-02	5.760634e-03	3.489666e-02	1.120604e-01	-2.368714e-03	1.108760e-01	-1.132448e-01
0.0649915     	-2.030567e-01	-6.561718e-02	-1.374395e-01	5.753948e-02	3.384775e-02	2.369173e-02	5.078014e-03	3.591117e-02	1.119220e-01	1.800712e-03	1.128224e-01	-1.110217e-01
0.0659614     	-2.042478e-01	-6.637546e-02	-1.378724e-01	5.635769e-02	3.208160e-02	2.427609e-02	3.902756e-03	3.574845e-02	1.127118e-01	-1.496140e-03	1.119637e-01	-1.134599e-01
0.0669766     	-2.038962e-01	-6.564390e-02	-1.382523e-01	5.578234e-02	3.039811e-02	2.538423e-02	2.506942e-03	3.630420e-02	1.130641e-01	4.410579e-04	1.132846e-01	-1.128436e-01
0.0680449     	-2.017586e-01	-6.604414e-02	-1.357145e-01	5.448693e-02	2.845982e-02	2.602710e-02	1.216360e-03	3.483518e-02	1.120929e-01	-5.238944e-04	1.118309e-01	-1.123548e-01
0.0690014     	-2.006037e-01	-6.445065e-02	-1.361530e-01	5.556998e-02	2.804448e-02	2.752549e-02	2.594946e-04	3.585118e-02	1.116772e-01	-2.962309e-04	1.115291e-01	-1.118253e-01
0.0699664     	-1.956804e-01	-6.633081e-02	-1.293496e-01	4.881873e-02	2.325019e-02	2.556855e-02	-1.159180e-03	3.150940e-02	1.086482e-01	8.815761e-05	1.086923e-01	-1.086041e-01
0.0709962     	-1.909237e-01	-6.707336e-02	-1.238503e-01	4.389149e-02	1.968841e-02	2.420308e-02	-2.257336e-03	2.838848e-02	1.054723e-01	2.653178e-05	1.054855e-01	-1.054590e-01
0.0720175     	-1.834288e-01	-7.219813e-02	-1.112307e-01	3.046681e-02	1.146629e-02	1.900052e-02	-3.767117e-03	1.951629e-02	1.002318e-01	4.279534e-05	1.002532e-01	-1.002104e-01
0.0729351     	-1.774240e-01	-7.605735e-02	-1.013667e-01	1.995874e-02	5.091552e-03	1.486719e-02	-4.887817e-03	1.265465e-02	9.593339e-02	3.517578e-04	9.610927e-02	-9.575751e-02
0.0740607     	-1.641070e-01	-8.308784e-02	-8.101912e-02	-9.487454e-05	-5.826706e-03	5.731832e-03	-5.779269e-03	-1.034361e-03	8.635522e-02	-7.027871e-04	8.600383e-02	-8.670662e-02
0.0749692     	-1.518824e-01	-8.738552e-02	-6.449687e-02	-1.488949e-02	-1.308575e-02	-1.803734e-03	-5.641010e-03	-1.144432e-02	7.715779e-02	-8.447985e-04	7.673539e-02	-7.758019e-02
0.0759213     	-1.535411e-01	-9.243915e-02	-6.110199e-02	-2.178024e-02	-1.613714e-02	-5.643096e-03	-5.247023e-03	-1.566858e-02	7.647827e-02	-2.802786e-03	7.507688e-02	-7.787967e-02
0.0770992     	-1.562547e-01	-1.039949e-01	-5.225975e-02	-3.729468e-02	-2.409985e-02	-1.319483e-02	-5.452508e-03	-2.586758e-02	7.777360e-02	-2.425625e-03	7.656079e-02	-7.898641e-02
0.0780729     	-1.612153e-01	-1.114818e-01	-4.973351e-02	-4.544758e-02	-2.758206e-02	-1.786552e-02	-4.858272e-03	-3.087415e-02	8.039442e-02	-2.898225e-03	7.894531e-02	-8.184354e-02
0.079044      	-1.677433e-01	-1.216542e-01	-4.608904e-02	-5.700841e-02	-3.301829e-02	-2.399013e-02	-4.514082e-03	-3.778260e-02	8.446803e-02	-4.983270e-03	8.197639e-02	-8.695966e-02
0.0800309     	-1.709818e-01	-1.268741e-01	-4.410776e-02	-6.078670e-02	-3.409551e-02	-2.669120e-02	-3.702155e-03	-4.138317e-02	8.746029e-02	-3.892440e-03	8.551407e-02	-8.940651e-02
0.080996      	-1.807726e-01	-1.377140e-01	-4.305855e-02	-6.986172e-02	-3.826363e-02	-3.159809e-02	-3.332766e-03	-4.732774e-02	9.423084e-02	-3.873186e-03	9.229425e-02	-9.616743e-02
0.0819894     	-1.880270e-01	-1.443164e-01	-4.371060e-02	-7.413068e-02	-4.002491e-02	-3.410577e-02	-2.959573e-03	-5.030288e-02	9.952485e-02	-3.801671e-03	9.762401e-02	-1.014257e-01
0.0829838     	-1.963698e-01	-1.532983e-01	-4.307145e-02	-8.100884e-02	-4.332073e-02	-3.768811e-02	-2.816308e-03	-5.511345e-02	1.053259e-01	-3.923435e-03	1.033641e-01	-1.072876e-01
0.0839983     	-2.011591e-01	-1.580383e-01	-4.312073e-02	-8.383548e-02	-4.462865e-02	-3.920682e-02	-2.710915e-03	-5.745880e-02	1.088636e-01	-3.645286e-03	1.070410e-01	-1.106863e-01
0.084976      	-2.051722e-01	-1.625139e-01	-4.265830e-02	-8.772766e-02	-4.685153e-02	-4.087613e-02	-2.987699e-03	-5.992779e-02	1.118144e-01	-3.694330e-03	1.099672e-01	-1.136616e-01
0.0860113     	-2.070428e-01	-1.634639e-01	-4.357891e-02	-8.855772e-02	-4.739979e-02	-4.115793e-02	-3.120928e-03	-5.994248e-02	1.132841e-01	-3.588495e-03	1.114899e-01	-1.150784e-01
0.0870116     	-2.076811e-01	-1.637007e-01	-4.398043e-02	-8.912020e-02	-4.799952e-02	-4.112067e-02	-3.439425e-03	-5.986012e-02	1.138662e-01	-3.439866e-03	1.121463e-01	-1.155861e-01
0.0879431     	-2.070044e-01	-1.620430e-01	-4.496134e-02	-8.782128e-02	-4.741239e-02	-4.040889e-02	-3.501752e-03	-5.854084e-02	1.136504e-01	-3.144206e-03	1.120783e-01	-1.152225e-01
0.089056      	-2.059777e-01	-1.590584e-01	-4.691934e-02	-8.581887e-02	-4.651127e-02	-3.930760e-02	-3.601838e-03	-5.606952e-02	1.132575e-01	-3.007014e-03	1.117539e-01	-1.147610e-01
0.0899834     	-2.049926e-01	-1.549539e-01	-5.003867e-02	-8.025304e-02	-4.301613e-02	-3.723692e-02	-2.889606e-03	-5.245762e-02	1.127483e-01	-2.738839e-03	1.113789e-01	-1.141177e-01
0.0909339     	-2.035933e-01	-1.505285e-01	-5.306484e-02	-7.520697e-02	-3.983879e-02	-3.536818e-02	-2.235308e-03	-4.873183e-02	1.120315e-01	-2.395313e-03	1.108338e-01	-1.132291e-01
0.0920436     	-2.009483e-01	-1.449640e-01	-5.598435e-02	-6.962700e-02	-3.617249e-02	-3.345451e-02	-1.358990e-03	-4.448980e-02	1.105260e-01	-2.097572e-03	1.094772e-01	-1.115748e-01
0.0930197     	-1.996574e-01	-1.423627e-01	-5.729466e-02	-6.687479e-02	-3.419630e-02	-3.267849e-02	-7.589067e-04	-4.253403e-02	1.098594e-01	-1.915386e-03	1.089017e-01	-1.108171e-01
0.0940052     	-1.957745e-01	-1.354686e-01	-6.030592e-02	-5.999600e-02	-2.967713e-02	-3.031886e-02	3.208647e-04	-3.758132e-02	1.073436e-01	-1.419948e-03	1.066336e-01	-1.080536e-01
0.0950095     	-1.922675e-01	-1.297903e-01	-6.247713e-02	-5.400670e-02	-2.559513e-02	-2.841157e-02	1.408221e-03	-3.365659e-02	1.053176e-01	-1.857434e-03	1.043889e-01	-1.062463e-01
0.0960515     	-1.871765e-01	-1.197336e-01	-6.744295e-02	-4.267948e-02	-1.845353e-02	-2.422595e-02	2.886208e-03	-2.614532e-02	1.020301e-01	-1.529201e-03	1.012655e-01	-1.027947e-01
0.0970158     	-1.837432e-01	-1.132546e-01	-7.048856e-02	-3.551012e-02	-1.382331e-02	-2.168681e-02	3.931755e-03	-2.138304e-02	9.951632e-02	-1.044923e-03	9.899386e-02	-1.000388e-01
0.0979068     	-1.773685e-01	-1.029153e-01	-7.445317e-02	-2.411497e-02	-7.178082e-03	-1.693689e-02	4.879404e-03	-1.423107e-02	9.545117e-02	-1.549596e-03	9.467637e-02	-9.622597e-02
0.0990437     	-1.695950e-01	-8.823242e-02	-8.136253e-02	-6.776918e-03	2.772153e-03	-9.549070e-03	6.160612e-03	-3.434942e-03	8.997963e-02	-2.503848e-03	8.872771e-02	-9.123156e-02
0.0999242     	-1.695523e-01	-8.131917e-02	-8.823310e-02	3.669606e-03	8.727176e-03	-5.057570e-03	6.892373e-03	3.456967e-03	8.922034e-02	-2.429194e-03	8.800575e-02	-9.043494e-02
0.10112       	-1.683616e-01	-6.563054e-02	-1.027310e-01	2.764214e-02	2.237292e-02	5.269221e-03	8.551847e-03	1.855025e-02	8.788020e-02	-1.536796e-03	8.711181e-02	-8.864860e-02
0.101934      	-1.725027e-01	-5.998087e-02	-1.125218e-01	4.017885e-02	2.977313e-02	1.040572e-02	9.683709e-03	2.627047e-02	8.992997e-02	-4.791720e-04	8.969038e-02	-9.016955e-02
0.102964      	-1.770530e-01	-5.412962e-02	-1.229234e-01	5.264636e-02	3.704629e-02	1.560006e-02	1.072311e-02	3.439690e-02	9.259416e-02	-2.710995e-03	9.123866e-02	-9.394965e-02
0.103959      	-1.778060e-01	-5.090808e-02	-1.268979e-01	5.836215e-02	4.018879e-02	1.817335e-02	1.100772e-02	3.799490e-02	9.348833e-02	-3.281934e-03	9.184736e-02	-9.512930e-02
0.104993      	-1.812199e-01	-4.734452e-02	-1.338754e-01	6.756722e-02	4.566703e-02	2.190019e-02	1.188342e-02	4.326544e-02	9.596693e-02	-3.747336e-03	9.409327e-02	-9.784060e-02
0.105947      	-1.844748e-01	-4.568951e-02	-1.387853e-01	7.368991e-02	4.952889e-02	2.416102e-02	1.268393e-02	4.654789e-02	9.826970e-02	-3.224105e-03	9.665765e-02	-9.988175e-02
0.106997      	-1.879851e-01	-3.976629e-02	-1.482188e-01	8.710694e-02	5.809016e-02	2.901678e-02	1.453669e-02	5.422628e-02	1.007710e-01	-2.964154e-03	9.928889e-02	-1.022530e-01
0.108028      	-1.900958e-01	-4.262480e-02	-1.474710e-01	8.537099e-02	5.699842e-02	2.837258e-02	1.431292e-02	5.242311e-02	1.023965e-01	-2.971189e-03	1.009109e-01	-1.038821e-01
0.108936      	-1.922859e-01	-3.555236e-02	-1.567335e-01	9.946013e-02	6.608360e-02	3.337653e-02	1.635353e-02	6.059060e-02	1.040428e-01	-2.976261e-03	1.025546e-01	-1.055309e-01
0.109982      	-1.944547e-01	-3.428109e-02	-1.601736e-01	1.047446e-01	6.935608e-02	3.538854e-02	1.698377e-02	6.294628e-02	1.056294e-01	-3.030935e-03	1.041139e-01	-1.071449e-01
0.111032      	-1.959855e-01	-3.515411e-02	-1.608313e-01	1.056844e-01	6.981596e-02	3.586843e-02	1.697376e-02	6.283862e-02	1.068458e-01	-2.813623e-03	1.054390e-01	-1.082526e-01
0.111946      	-1.974397e-01	-3.544555e-02	-1.619942e-01	1.074674e-01	7.057451e-02	3.689291e-02	1.684080e-02	6.327431e-02	1.079142e-01	-2.630043e-03	1.065992e-01	-1.092292e-01
0.112961      	-1.987876e-01	-3.561791e-02	-1.631697e-01	1.093750e-01	7.128396e-02	3.809100e-02	1.659648e-02	6.377588e-02	1.089370e-01	-2.537827e-03	1.076680e-01	-1.102059e-01
0.114058      	-2.005978e-01	-3.380535e-02	-1.667925e-01	1.147167e-01	7.379497e-02	4.092176e-02	1.643660e-02	6.649358e-02	1.103305e-01	-1.748739e-03	1.094562e-01	-1.112049e-01
0.114975      	-1.980774e-01	-3.183777e-02	-1.662397e-01	1.173436e-01	7.447563e-02	4.286793e-02	1.580385e-02	6.720095e-02	1.095769e-01	2.632756e-03	1.108933e-01	-1.082605e-01
0.11595       	-2.001364e-01	-3.152283e-02	-1.686136e-01	1.189244e-01	7.441417e-02	4.451025e-02	1.495196e-02	6.854538e-02	1.107047e-01	-1.455064e-03	1.099772e-01	-1.114323e-01
0.116971      	-2.001972e-01	-3.091639e-02	-1.692808e-01	1.186380e-01	7.284111e-02	4.579694e-02	1.352209e-02	6.918222e-02	1.111799e-01	2.441517e-04	1.113020e-01	-1.110578e-01
0.118044      	-1.983540e-01	-3.142559e-02	-1.669285e-01	1.173356e-01	7.080035e-02	4.653525e-02	1.213255e-02	6.775143e-02	1.103074e-01	-7.851951e-04	1.099148e-01	-1.107000e-01
0.119004      	-1.973419e-01	-2.930523e-02	-1.680367e-01	1.194755e-01	7.097250e-02	4.850302e-02	1.123474e-02	6.936571e-02	1.099174e-01	-6.809386e-04	1.095769e-01	-1.102578e-01
0.119973      	-1.926303e-01	-3.167827e-02	-1.609520e-01	1.120751e-01	6.564559e-02	4.642951e-02	9.608039e-03	6.463686e-02	1.069741e-01	-3.801832e-04	1.067840e-01	-1.071642e-01
0.121007      	-1.881868e-01	-3.331621e-02	-1.548706e-01	1.057999e-01	6.109605e-02	4.470381e-02	8.196121e-03	6.077717e-02	1.039484e-01	-5.686568e-04	1.036641e-01	-1.042328e-01
0.122034      	-1.809201e-01	-4.074958e-02	-1.401705e-01	8.769365e-02	4.977252e-02	3.792113e-02	5.925697e-03	4.971045e-02	9.878824e-02	2.700620e-04	9.892327e-02	-9.865321e-02
0.122962      	-1.753712e-01	-4.513983e-02	-1.302314e-01	7.760405e-02	4.349880e-02	3.410525e-02	4.696777e-03	4.254577e-02	9.485971e-02	-3.905537e-04	9.466443e-02	-9.505498e-02
0.123917      	-1.648052e-01	-5.401510e-02	-1.107901e-01	5.561498e-02	3.072154e-02	2.489345e-02	2.914045e-03	2.838751e-02	8.725575e-02	-1.453545e-03	8.652898e-02	-8.798252e-02
0.125038      	-1.494084e-01	-6.448906e-02	-8.491936e-02	2.721459e-02	1.479368e-02	1.242091e-02	1.186385e-03	1.021515e-02	7.598218e-02	-1.238315e-04	7.592027e-02	-7.604410e-02
0.125969      	-1.510674e-01	-7.241255e-02	-7.865486e-02	1.517362e-02	8.064263e-03	7.109355e-03	4.774542e-04	3.121153e-03	7.555748e-02	-2.972530e-03	7.407121e-02	-7.704374e-02
0.126912      	-1.525619e-01	-8.451408e-02	-6.804786e-02	-2.763629e-03	-2.132642e-03	-6.309871e-04	-7.508276e-04	-8.233109e-03	7.624246e-02	-2.296434e-03	7.509425e-02	-7.739068e-02
0.127927      	-1.556114e-01	-9.536128e-02	-6.025015e-02	-1.923809e-02	-1.125801e-02	-7.980084e-03	-1.638962e-03	-1.755557e-02	7.783761e-02	-1.915861e-03	7.687968e-02	-7.879554e-02
0.128948      	-1.600403e-01	-1.066128e-01	-5.342746e-02	-3.401674e-02	-1.904918e-02	-1.496757e-02	-2.040804e-03	-2.659269e-02	8.067925e-02	-2.964317e-03	7.919709e-02	-8.216141e-02
0.129958      	-1.648169e-01	-1.186808e-01	-4.613611e-02	-4.964378e-02	-2.791198e-02	-2.173180e-02	-3.090088e-03	-3.627235e-02	8.438015e-02	-3.425567e-03	8.266737e-02	-8.609294e-02
0.131029      	-1.743929e-01	-1.334779e-01	-4.091499e-02	-6.613546e-02	-3.701566e-02	-2.911980e-02	-3.947930e-03	-4.628144e-02	9.112915e-02	-3.357715e-03	8.945030e-02	-9.280801e-02
0.132026      	-1.808974e-01	-1.423886e-01	-3.850880e-02	-7.592269e-02	-4.255508e-02	-3.336761e-02	-4.593739e-03	-5.193988e-02	9.595116e-02	-3.107087e-03	9.439762e-02	-9.750470e-02
0.133025      	-1.897432e-01	-1.534035e-01	-3.633972e-02	-8.589362e-02	-4.796978e-02	-3.792384e-02	-5.022969e-03	-5.853190e-02	1.019370e-01	-2.834509e-03	1.005197e-01	-1.033542e-01
0.134045      	-1.946783e-01	-1.616815e-01	-3.299685e-02	-9.612929e-02	-5.409907e-02	-4.203022e-02	-6.034429e-03	-6.434232e-02	1.055858e-01	-2.968921e-03	1.041014e-01	-1.070703e-01
0.135029      	-2.004546e-01	-1.692980e-01	-3.115653e-02	-1.045978e-01	-5.923914e-02	-4.535869e-02	-6.940226e-03	-6.907075e-02	1.095071e-01	-2.182749e-03	1.084157e-01	-1.105985e-01
0.135964      	-2.016942e-01	-1.706431e-01	-3.105106e-02	-1.072923e-01	-6.095699e-02	-4.633533e-02	-7.310828e-03	-6.979603e-02	1.105974e-01	-2.957103e-03	1.091188e-01	-1.120759e-01
0.136966      	-2.029585e-01	-1.720483e-01	-3.091016e-02	-1.102438e-01	-6.306261e-02	-4.718117e-02	-7.940719e-03	-7.056909e-02	1.115126e-01	-2.882374e-03	1.100714e-01	-1.129538e-01
0.138035      	-2.032147e-01	-1.718526e-01	-3.136208e-02	-1.113149e-01	-6.393315e-02	-4.738174e-02	-8.275707e-03	-7.024528e-02	1.118302e-01	-2.531849e-03	1.105643e-01	-1.130961e-01
0.139038      	-2.030977e-01	-1.714311e-01	-3.166652e-02	-1.132074e-01	-6.543707e-02	-4.777029e-02	-8.833393e-03	-6.988231e-02	1.119161e-01	-2.418991e-03	1.107066e-01	-1.131256e-01
0.139969      	-2.024679e-01	-1.675776e-01	-3.489027e-02	-1.082073e-01	-6.227088e-02	-4.593643e-02	-8.167221e-03	-6.634366e-02	1.115778e-01	-2.169757e-03	1.104929e-01	-1.126626e-01
0.14106       	-2.015129e-01	-1.629004e-01	-3.861245e-02	-1.029523e-01	-5.890232e-02	-4.404997e-02	-7.426178e-03	-6.214398e-02	1.110966e-01	-1.811444e-03	1.101908e-01	-1.120023e-01
0.142035      	-1.994591e-01	-1.596559e-01	-3.980320e-02	-1.010299e-01	-5.753590e-02	-4.349400e-02	-7.020947e-03	-5.992637e-02	1.098771e-01	-1.650489e-03	1.090519e-01	-1.107024e-01
0.143014      	-1.985062e-01	-1.580070e-01	-4.049927e-02	-9.994223e-02	-5.657007e-02	-4.337216e-02	-6.598950e-03	-5.875385e-02	1.093643e-01	-1.494426e-03	1.086171e-01	-1.101115e-01
0.144003      	-1.949831e-01	-1.518011e-01	-4.318194e-02	-9.421089e-02	-5.271905e-02	-4.149184e-02	-5.613605e-03	-5.430959e-02	1.070265e-01	-9.780286e-04	1.065375e-01	-1.075155e-01
0.14501       	-1.917916e-01	-1.456601e-01	-4.613153e-02	-8.713616e-02	-4.787372e-02	-3.926244e-02	-4.305638e-03	-4.976428e-02	1.051560e-01	-1.559393e-03	1.043763e-01	-1.059357e-01
0.146055      	-1.867280e-01	-1.361366e-01	-5.059140e-02	-7.674779e-02	-4.125961e-02	-3.548819e-02	-2.885711e-03	-4.277259e-02	1.018714e-01	-1.242708e-03	1.012501e-01	-1.024928e-01
0.147022      	-1.831113e-01	-1.292118e-01	-5.389949e-02	-6.889459e-02	-3.611783e-02	-3.277676e-02	-1.670536e-03	-3.765616e-02	9.925245e-02	-8.491030e-04	9.882790e-02	-9.967700e-02
0.147917      	-1.768273e-01	-1.184125e-01	-5.841483e-02	-5.644075e-02	-2.869482e-02	-2.774593e-02	-4.744489e-04	-2.999884e-02	9.524261e-02	-1.284778e-03	9.460023e-02	-9.588500e-02
0.149062      	-1.689232e-01	-1.021696e-01	-6.675357e-02	-3.581341e-02	-1.646629e-02	-1.934713e-02	1.440421e-03	-1.770802e-02	8.971581e-02	-2.505342e-03	8.846314e-02	-9.096848e-02
0.149945      	-1.684278e-01	-9.394602e-02	-7.448177e-02	-2.321899e-02	-9.001093e-03	-1.421790e-02	2.608403e-03	-9.732121e-03	8.877285e-02	-2.101841e-03	8.772193e-02	-8.982377e-02
0.151138      	-1.665538e-01	-7.543013e-02	-9.112369e-02	5.624219e-03	7.982953e-03	-2.358734e-03	5.170844e-03	7.846781e-03	8.713664e-02	-1.105265e-03	8.658400e-02	-8.768927e-02
0.151949      	-1.699441e-01	-6.828514e-02	-1.016589e-01	2.042530e-02	1.697844e-02	3.446863e-03	6.765787e-03	1.668690e-02	8.882253e-02	-4.103031e-05	8.880202e-02	-8.884305e-02
0.152979      	-1.745685e-01	-6.219890e-02	-1.123696e-01	3.340786e-02	2.467726e-02	8.730593e-03	7.973336e-03	2.508536e-02	9.153627e-02	-2.245251e-03	9.041364e-02	-9.265889e-02
0.153976      	-1.751907e-01	-5.681345e-02	-1.183773e-01	4.311820e-02	3.049533e-02	1.262286e-02	8.936234e-03	3.078190e-02	9.234935e-02	-2.815589e-03	9.094156e-02	-9.375714e-02
0.155011      	-1.784285e-01	-5.258254e-02	-1.258459e-01	5.358759e-02	3.686942e-02	1.671816e-02	1.007563e-02	3.663169e-02	9.472078e-02	-3.192490e-03	9.312453e-02	-9.631702e-02
0.155967      	-1.816970e-01	-4.991795e-02	-1.317791e-01	6.186506e-02	4.218230e-02	1.968276e-02	1.124977e-02	4.093056e-02	9.702901e-02	-2.744286e-03	9.565687e-02	-9.840115e-02
0.15702       	-1.856589e-01	-4.229944e-02	-1.433595e-01	7.986306e-02	5.373468e-02	2.612838e-02	1.380315e-02	5.053004e-02	9.956418e-02	-1.460599e-03	9.883388e-02	-1.002945e-01
0.158053      	-1.876305e-01	-4.306950e-02	-1.445610e-01	8.136760e-02	5.481193e-02	2.655567e-02	1.412813e-02	5.074576e-02	1.012924e-01	-2.267720e-03	1.001586e-01	-1.024263e-01
0.158964      	-1.900788e-01	-3.625206e-02	-1.538267e-01	9.542942e-02	6.392334e-02	3.150608e-02	1.620863e-02	5.878734e-02	1.030797e-01	-2.449792e-03	1.018548e-01	-1.043046e-01
0.160012      	-1.923661e-01	-3.424201e-02	-1.581241e-01	1.025730e-01	6.844493e-02	3.412804e-02	1.715844e-02	6.194106e-02	1.047237e-01	-2.411393e-03	1.035180e-01	-1.059294e-01
0.161065      	-1.941250e-01	-3.417327e-02	-1.599517e-01	1.058670e-01	7.047251e-02	3.539452e-02	1.753899e-02	6.288923e-02	1.060531e-01	-2.139862e-03	1.049832e-01	-1.071230e-01
0.16198       	-1.957175e-01	-3.364272e-02	-1.620748e-01	1.094601e-01	7.242206e-02	3.703801e-02	1.769203e-02	6.421603e-02	1.071931e-01	-2.072940e-03	1.061566e-01	-1.082296e-01
0.162997      	-1.972540e-01	-3.247310e-02	-1.647809e-01	1.142054e-01	7.499790e-02	3.920747e-02	1.789521e-02	6.615389e-02	1.082989e-01	-2.042324e-03	1.072778e-01	-1.093201e-01
0.163975      	-1.979647e-01	-3.033292e-02	-1.676318e-01	1.196548e-01	7.771287e-02	4.194195e-02	1.788546e-02	6.864944e-02	1.090235e-01	-1.548102e-03	1.082495e-01	-1.097976e-01
0.16501       	-1.964434e-01	-2.650942e-02	-1.699340e-01	1.265656e-01	8.105678e-02	4.550883e-02	1.777397e-02	7.171227e-02	1.089041e-01	3.492183e-03	1.106502e-01	-1.071580e-01
0.165985      	-1.988753e-01	-2.620951e-02	-1.726658e-01	1.287584e-01	8.142282e-02	4.733562e-02	1.704360e-02	7.322816e-02	1.101746e-01	-9.220065e-04	1.097136e-01	-1.106356e-01
0.167005      	-1.990612e-01	-2.413009e-02	-1.749312e-01	1.314916e-01	8.181213e-02	4.967946e-02	1.606634e-02	7.540053e-02	1.106983e-01	6.352293e-04	1.110159e-01	-1.103807e-01
0.167982      	-1.975281e-01	-2.424835e-02	-1.732798e-01	1.314288e-01	8.068568e-02	5.074312e-02	1.497128e-02	7.451570e-02	1.099727e-01	-3.904384e-04	1.097775e-01	-1.101680e-01
0.16904       	-1.962812e-01	-2.054944e-02	-1.757317e-01	1.361941e-01	8.245070e-02	5.374335e-02	1.435367e-02	7.759115e-02	1.094201e-01	-2.648829e-04	1.092876e-01	-1.095525e-01
0.170011      	-1.911611e-01	-2.311017e-02	-1.680509e-01	1.287513e-01	7.710397e-02	5.164730e-02	1.272834e-02	7.247039e-02	1.062594e-01	8.633036e-04	1.066910e-01	-1.058277e-01
0.171049      	-1.873655e-01	-2.539630e-02	-1.619692e-01	1.218768e-01	7.216940e-02	4.970739e-02	1.123100e-02	6.828645e-02	1.035190e-01	-2.379330e-04	1.034000e-01	-1.036380e-01
0.171961      	-1.810977e-01	-3.048495e-02	-1.506128e-01	1.093218e-01	6.430793e-02	4.501387e-02	9.647028e-03	6.006392e-02	9.912379e-02	-2.807406e-04	9.898342e-02	-9.926416e-02
0.173023      	-1.747890e-01	-3.686271e-02	-1.379263e-01	9.459556e-02	5.515428e-02	3.944129e-02	7.856494e-03	5.053180e-02	9.448269e-02	-4.681502e-04	9.424861e-02	-9.471676e-02
0.174         	-1.636105e-01	-4.643800e-02	-1.171725e-01	7.119162e-02	4.151758e-02	2.967404e-02	5.921774e-03	3.536726e-02	8.650609e-02	-1.228377e-03	8.589190e-02	-8.712028e-02
0.174899      	-1.507805e-01	-5.465973e-02	-9.612077e-02	4.829378e-02	2.863191e-02	1.966187e-02	4.485023e-03	2.073052e-02	7.713250e-02	-1.037760e-03	7.661362e-02	-7.765138e-02
0.176025      	-1.503343e-01	-6.639163e-02	-8.394271e-02	2.759626e-02	1.650583e-02	1.109043e-02	2.707699e-03	8.775538e-03	7.536514e-02	-2.683476e-03	7.402340e-02	-7.670688e-02
0.176963      	-1.523308e-01	-7.756299e-02	-7.476786e-02	1.138340e-02	7.354932e-03	4.028464e-03	1.663234e-03	-1.397563e-03	7.628052e-02	-2.091592e-03	7.523472e-02	-7.732631e-02
0.177967      	-1.547574e-01	-8.946744e-02	-6.528996e-02	-7.920337e-03	-3.747907e-03	-4.172431e-03	2.122618e-04	-1.208874e-02	7.760430e-02	-1.285307e-03	7.696165e-02	-7.824696e-02
0.178979      	-1.590705e-01	-1.010260e-01	-5.804454e-02	-2.364555e-02	-1.227635e-02	-1.136920e-02	-4.535774e-04	-2.149071e-02	8.039954e-02	-2.640192e-03	7.907944e-02	-8.171963e-02
0.179986      	-1.635432e-01	-1.143934e-01	-4.914978e-02	-4.192296e-02	-2.297306e-02	-1.894990e-02	-2.011579e-03	-3.262182e-02	8.393423e-02	-2.997858e-03	8.243531e-02	-8.543316e-02
0.180964      	-1.720590e-01	-1.292029e-01	-4.285611e-02	-5.990209e-02	-3.324342e-02	-2.665868e-02	-3.292372e-03	-4.317340e-02	8.998764e-02	-2.935428e-03	8.851993e-02	-9.145535e-02
0.181963      	-1.785389e-01	-1.391068e-01	-3.943212e-02	-7.161783e-02	-4.002404e-02	-3.159379e-02	-4.215125e-03	-4.983735e-02	9.480953e-02	-2.653038e-03	9.348301e-02	-9.613605e-02
0.182963      	-1.866493e-01	-1.514678e-01	-3.518151e-02	-8.571764e-02	-4.817861e-02	-3.753903e-02	-5.319790e-03	-5.814316e-02	1.004586e-01	-2.780995e-03	9.906806e-02	-1.018491e-01
0.18398       	-1.922494e-01	-1.596021e-01	-3.264730e-02	-9.457323e-02	-5.341300e-02	-4.116023e-02	-6.126384e-03	-6.347739e-02	1.044225e-01	-2.417697e-03	1.032137e-01	-1.056314e-01
0.184962      	-1.969338e-01	-1.673894e-01	-2.954440e-02	-1.046258e-01	-5.958359e-02	-4.504223e-02	-7.270681e-03	-6.892248e-02	1.077262e-01	-2.450278e-03	1.065011e-01	-1.089514e-01
0.186001      	-1.998869e-01	-1.712217e-01	-2.866513e-02	-1.106035e-01	-6.339306e-02	-4.721043e-02	-8.091313e-03	-7.127830e-02	1.098112e-01	-2.455777e-03	1.085833e-01	-1.110391e-01
0.187008      	-2.013570e-01	-1.730974e-01	-2.825962e-02	-1.144752e-01	-6.608453e-02	-4.839062e-02	-8.846952e-03	-7.241889e-02	1.108321e-01	-2.480132e-03	1.095921e-01	-1.120722e-01
0.187961      	-2.020272e-01	-1.735918e-01	-2.843547e-02	-1.164985e-01	-6.753863e-02	-4.895984e-02	-9.289394e-03	-7.257814e-02	1.113488e-01	-2.106293e-03	1.102957e-01	-1.124020e-01
0.188962      	-2.018926e-01	-1.757313e-01	-2.616132e-02	-1.234405e-01	-7.228988e-02	-5.115063e-02	-1.056963e-02	-7.478498e-02	1.113885e-01	-1.779928e-03	1.104985e-01	-1.122784e-01
0.190026      	-2.016352e-01	-1.707377e-01	-3.089751e-02	-1.165639e-01	-6.791709e-02	-4.864681e-02	-9.635141e-03	-6.992007e-02	1.112383e-01	-1.681119e-03	1.103977e-01	-1.120788e-01
0.190981      	-2.012235e-01	-1.683265e-01	-3.289700e-02	-1.147905e-01	-6.679371e-02	-4.799678e-02	-9.398464e-03	-6.771477e-02	1.110589e-01	-1.427694e-03	1.103451e-01	-1.117728e-01
0.191956      	-1.994733e-01	-1.649206e-01	-3.455270e-02	-1.124956e-01	-6.520529e-02	-4.729032e-02	-8.957483e-03	-6.518394e-02	1.100145e-01	-1.275068e-03	1.093770e-01	-1.106521e-01
0.192936      	-1.983407e-01	-1.630823e-01	-3.525836e-02	-1.117010e-01	-6.443838e-02	-4.726260e-02	-8.587892e-03	-6.391196e-02	1.093492e-01	-1.039051e-03	1.088296e-01	-1.098687e-01
0.194067      	-1.947564e-01	-1.561253e-01	-3.863106e-02	-1.050439e-01	-5.996891e-02	-4.507498e-02	-7.446965e-03	-5.874713e-02	1.070180e-01	-8.475709e-04	1.065942e-01	-1.074417e-01
0.194931      	-1.923225e-01	-1.529824e-01	-3.934015e-02	-1.026119e-01	-5.812528e-02	-4.448659e-02	-6.819345e-03	-5.682112e-02	1.055234e-01	-1.196502e-03	1.049252e-01	-1.061217e-01
0.195972      	-1.875576e-01	-1.444258e-01	-4.313181e-02	-9.361327e-02	-5.236128e-02	-4.125200e-02	-5.554640e-03	-5.064697e-02	1.024170e-01	-8.749966e-04	1.019795e-01	-1.028545e-01
0.196934      	-1.840000e-01	-1.375759e-01	-4.642412e-02	-8.598568e-02	-4.736578e-02	-3.861990e-02	-4.372943e-03	-4.557586e-02	9.986133e-02	-6.575509e-04	9.953255e-02	-1.001901e-01
0.198012      	-1.765076e-01	-1.233849e-01	-5.312272e-02	-6.936300e-02	-3.734514e-02	-3.201787e-02	-2.663634e-03	-3.513108e-02	9.499570e-02	-1.208026e-03	9.439169e-02	-9.559971e-02
0.198964      	-1.681194e-01	-1.074729e-01	-6.064648e-02	-4.971858e-02	-2.587963e-02	-2.383895e-02	-1.020344e-03	-2.341323e-02	8.935661e-02	-1.629112e-03	8.854205e-02	-9.017116e-02
